Date,Title,Content
2018-04-19,April 19 2018 Daily Report,Sample content
