Date,Title,Content
2020-12-06,December 6 2020 Daily Report,Sample content
