Date,Title,Content
2018-10-23,October 23 2018 Daily Report,Sample content
