Date,Title,Content
2019-05-22,May 22 2019 Daily Report,Sample content
