Date,Title,Content
2023-12-21,December 21 2023 Daily Report,Sample content
