Date,Title,Content
2019-09-12,September 12 2019 Daily Report,Sample content
